32 19
+.-.*.;.,.(.).[.].{.}.!.=.<.>./.abcdefghijklmnopqrstuvwxyzABCDEFGHIJKLMNOPQRSTUVWXYZ.1234567890. 	$
1 2 3 13 14 15 16 17 18 19 20 11 9 5 7 4 22 21 0 0
0 0 0 0 0 0 0 0 0 0 0 0 0 0 0 0 0 0 0 0
0 0 0 0 0 0 0 0 0 0 0 0 0 0 0 0 0 0 0 0
0 0 0 0 0 0 0 0 0 0 0 0 0 0 0 0 0 0 0 0
29 29 23 29 29 29 29 29 29 29 29 29 29 29 29 29 29 29 29 29
26 26 26 26 26 26 26 26 26 26 26 26 6 26 26 26 26 26 26 26
0 0 0 0 0 0 0 0 0 0 0 0 0 0 0 0 0 0 0 0
27 27 27 27 27 27 27 27 27 27 27 27 8 27 27 27 27 27 27 27
0 0 0 0 0 0 0 0 0 0 0 0 0 0 0 0 0 0 0 0
28 28 28 28 28 28 28 28 28 28 28 28 10 28 28 28 28 28 28 28
0 0 0 0 0 0 0 0 0 0 0 0 0 0 0 0 0 0 0 0
30 30 30 30 30 30 30 30 30 30 30 30 12 30 30 30 30 30 30 30
0 0 0 0 0 0 0 0 0 0 0 0 0 0 0 0 0 0 0 0
0 0 0 0 0 0 0 0 0 0 0 0 0 0 0 0 0 0 0 0
0 0 0 0 0 0 0 0 0 0 0 0 0 0 0 0 0 0 0 0
0 0 0 0 0 0 0 0 0 0 0 0 0 0 0 0 0 0 0 0
0 0 0 0 0 0 0 0 0 0 0 0 0 0 0 0 0 0 0 0
0 0 0 0 0 0 0 0 0 0 0 0 0 0 0 0 0 0 0 0
0 0 0 0 0 0 0 0 0 0 0 0 0 0 0 0 0 0 0 0
0 0 0 0 0 0 0 0 0 0 0 0 0 0 0 0 0 0 0 0
00 00 00 00 00 00 00 00 00 00 00 00 00 00 00 00 00 00 00 00
34 34 34 34 34 34 34 34 34 34 34 34 34 34 34 34 31 21 34 34
33 33 33 33 33 33 33 33 33 33 33 33 33 33 33 33 22 31 33 33
23 23 24 23 23 23 23 23 23 23 23 23 23 23 23 23 23 23 23 23
23 23 24 23 23 23 23 23 23 23 23 23 23 23 23 25 23 23 23 23
0 0 0 0 0 0 0 0 0 0 0 0 0 0 0 0 0 0 0 0
0 0 0 0 0 0 0 0 0 0 0 0 0 0 0 0 0 0 0 0
0 0 0 0 0 0 0 0 0 0 0 0 0 0 0 0 0 0 0 0
0 0 0 0 0 0 0 0 0 0 0 0 0 0 0 0 0 0 0 0
0 0 0 0 0 0 0 0 0 0 0 0 0 0 0 0 0 0 0 0
0 0 0 0 0 0 0 0 0 0 0 0 0 0 0 0 0 0 0 0
32 32 32 32 32 32 32 32 32 32 32 32 32 32 32 32 31 31 32 32
0 0 0 0 0 0 0 0 0 0 0 0 0 0 0 0 0 0 0 0